Block_2D 0 -3 -2 3.2 2 84 164 0 143 112 1
Block_2D 1 -3 -2 3.2 2 117 145 2 92 142 2
Block_2D 2 -3 -2 3.2 2 70 23 1 112 133 0
Block_2D 3 -3 -2 3.2 2 127 201 0 141 129 1
Block_2D 4 -3 -2 3.2 2 124 49 3 125 59 1
Circle 5 3 130 83 0 119 80 2
Circle 6 3 81 209 1 82 151 0
Circle 7 3 140 141 1 117 110 2
Circle 8 3 127 67 0 135 46 0
Circle 9 3 123 166 3 87 99 0
Block_2D 10 -4 -2 1 2 117 179 2 84 93 2
Block_2D 11 -4 -2 1 2 89 172 0 95 148 0
Block_2D 12 -4 -2 1 2 88 112 2 76 196 3
Block_2D 13 -4 -2 1 2 115 127 2 139 172 2
Block_2D 14 -5 -3 5 3 120 189 2 117 202 2
Block_2D 15 -5 -3 5 3 173 99 3 129 100 1
Block_2D 16 -5 -3 5 3 132 137 3 86 191 3
Block_2D 17 -5 -3 5 3 104 151 0 105 139 1
