Circle 3 76 69 2 48 16 2
Circle 3 57 80 1 37 17 0
Block_2D -3 -2 3.2 2 84 38 3 57 11 0
Block_2D -3 -2 3.2 2 72 61 3 69 86 2
Block_2D -3 -2 3.2 2 17 13 1 27 39 0
Block_2D -3 -2 3.2 2 5 10 2 5 14 3
Circle 3 55 17 3 24 65 2
Circle 3 13 56 0 59 71 1
Block_2D -3 -2 3.2 2 8 50 3 41 26 0
Block_2D -3 -2 3.2 2 60 23 2 31 76 3
Block_2D -3 -2 3.2 2 31 21 3 67 71 1
Block_2D -3 -2 3.2 2 41 71 1 43 62 1
Block_2D -3 -2 3.2 2 88 56 1 75 76 2
Circle 3 13 66 0 27 13 0
Circle 3 89 80 3 17 25 2
Circle 3 61 62 0 81 76 3
Circle 3 69 78 3 38 85 2
Circle 3 91 10 3 57 32 3