Block_2D -3 -2 3.2 2 130 113 0 56 36 3
Block_2D -3 -2 3.2 2 127 70 3 19 148 2
Block_2D -3 -2 3.2 2 85 20 0 36 82 3
Block_2D -3 -2 3.2 2 129 60 0 53 162 3
Block_2D -3 -2 3.2 2 128 11 0 158 146 3
Block_2D -3 -2 3.2 2 48 119 1 118 166 2
Block_2D -3 -2 3.2 2 38 157 2 157 173 1
Block_2D -3 -2 3.2 2 57 131 1 75 31 0
Block_2D -3 -2 3.2 2 127 40 1 93 40 3
Circle 3 91 112 1 77 144 2
Circle 3 23 126 1 112 23 0
Circle 3 108 170 1 113 135 3
Circle 3 177 14 3 20 84 3
Circle 3 110 144 2 137 179 1
Circle 3 147 169 1 153 160 0
Circle 3 107 41 0 165 130 0
Circle 3 75 57 2 39 70 3
Circle 3 85 72 0 175 144 2
